10405482
36402135
35202024
36414095
37203354
20209858
29845573
2222487
33671684
23558227
36336003
28020375
23065825
37381931
38364451
32719730
32656353
19613538
35202032
33058296
236462
30727584
29845583
29845570
29845569
24463925
33056904
29845584
33508305
33508241
33508170
33508125
33508147
33508271
33508224
33508101
13198736
33508144
33004556
33508197
19046889
23737236
18813875
23995347
36749869
9982189
13569079
29845579
2073444
14004989
39371835
18620379
29043460
28771906
20866470
29019173
28880367
13810486
9982292
29020436
2073880
29044673
29115392
39368921
29046788
28924531
22756894
20865890
28996930
28824151
28995667
29115973
29138427
2073698
20866227
29845586
3990500
29845597
11409948
23984614
13092065
15715146
39226827
29845593
27294533
11977400
31777430
27770713
1322411
28214514
23409264
23692713
35142642
19029221
33996973
23409710
35154200
34192430
35154153
35154177
34011377
33997940
34192870
19708042
23408414
34010928
35154144
19707232
1358035
7905219
9040623
9059190
28532981
29845604
14875503
17440014
34070789
19180528
19309587
34074902
22445841
37851198
35952180
25300959
24772341
33821057
28098792
18219412
36261383
20224265
18230976
27994955
27514388
22741749
35202050
20014764
15139998
28098920
5688455
23558215
36148374
12866749
17224275
17223142
15265154
15264051
19544275
12850631
12848117
19467180
17211127
18120380
12848579
14230397
19466786
12851921
19495264
36719377
21820927
22302788
24415531
28477443
26145795
25774407
8561485
38877479
13008043
16494326
20942504
23691545
18733952
23846199
29845582
18575352
9440974
24764782
13254163
31585999
23875170
27887380
9443786
22801235
1383583
33057969
33058022
33057972
13558909
18904419
26462659
35696945
24771436
29845588
14764289
29845600
37246865
29157557
34402546
31638118
35202130
1325230
35202151
3894641
27279195
33572901
35735495
9625869
6650013
5368414
37940224
23776625
21859244
9895806
17404409
36380617
31491457
36026659
8138961
22725287
17247480
31916393
12889179
5387844
39164198
38444020
39166580
39353021
35959083
29869679
29845589
29845594
27334503
33187104
31611271
37348915
24385847
25319420
22787914
22788213
30284222
32358665
22788399
28357391
6294459
34984768
10845978
18224474
10330933
22579287
23387159
23856098
32729305
29845969
32134510
31568610
22607407
21037636
12032484
16154644
17182250
13127634
22466954
33757779
22718806
38684744
31189812
27445474
23480953
18530763
38167880
13872798
13612453
36538458
31170825
17459751
38658253
15174941
38315283
39496263
24151773
13130736
28336967
16193036
34455292
16193022
20532870
32771484
23307130
38753893
28752168
30126932
31492956
33908739
28772156
28772187
20142965
23557764
1012919
31456578
32303829
15871409
18057054
20083192
24642103
19850258
23929321
24001474
35603392
23929019
34037781
31230992
37437580
25543090
27755288
25542796
24275309
31347728
33738024
23836233
38323189
35255946
19621796
33650292
32089320
32523499
37930093
28350393
28355361
29277775
38119016
24410075
33630352
28356595
39051487
21031335
29278171
10845731
28355311
34348695
25560567
34865715
34436995
14258958
27474153
21767258
17624436
24265205
25540241
38865269
24869325
29318598
13834472
29238716
29089991
23246007
14102138
19652623
32912141
25532489
9100027
16071319
21565494
7453132
20073506
37606057
13838156
33968205
29761650
19660362
26485584
32823106
28150002
25532359
37046375
16944328
21970817
38930884
16081155
37697494
36603185
25531756
29937727
38272503
38549783
2032040
14582711
5448111
30684901
28149983
28353990
11523524
30391647
34459247
21464798
34131917
36021363
19096394
2257878
33359114
16485170
17616356
14530734
39152063
13161273
29270407
34672538
28354141
23900472
34520271
28353963
16750510
11522552
28354026
19585349
19394270
10645017
2313886
10164167
18872249
35997513
21928986
22207422
19915569
22612112
20792332
39123255
33461568
12394984
14130954
8702900
4159364
10146537
23272312
14909631
16146471
27215720
12792079
1861133
29324538
30758841
32773895
26017223
14824241
22528273
39308326
12792963
18334398
28840311
27700466
36837571
33627067
16484825
18066940
38814233
14393999
30371399
32987849
33073455
28535154
39481321
28354148
11253102
36498202
32988085
14821727
22247963
11278178
17697369
39376846
15504031
30489016
12747137
32237316
28629469
17878996
27868805
25172348
39378349
20164552
34265330
21464793
28629185
39513900
11235036
32015573
22725279
36800363
7333813
12799798
39414452
36269638
11841592
30555305
17173985
28149950
28629508
39408399
18535209
30467398
28149874
32591737
25529334
39193716
22468761
39132142
22725302
37876927
25532722
18504022
21021013
11781359
32284482
16484927
25528968
9794919
30002150
822732
33280772
13956115
24581103
21115998
35544492
18589775
34081285
19050201
38454626
15233737
35376481
39162294
36405880
32444261
32565700
6373687
14432437
39527991
26511285
20797252
37880729
30855650
14286568
28756899
28768344
36953347
31923194
24436343
36904159
22701555
28425441
22699092
21189203
37594300
37561591
24981436
10045038
16767916
39086594
29406106
29118783
31326373
32935391
17038069
33405156
13276531
32302075
38309810
34090121
31206725
26479382
25339101
36062709
35952865
32696266
28354919
15039023
9937101
35764364
199581
1620860
36197252
14905906
36164619
28350356
28350436
12423843
28351826
34739829
28349693
28349706
15036047
34084268
11339129
29723461
28861876
28881164
38638873
30496475
22353919
20940967
10749012
29169302
22392206
31662816
27420422
25055855
16938670
14400234
5641057
12000006
34940171
12280445
19951388
27526567
12061785
25055527
13786709
38544095
37008683
14102982
23210510
32610194
20796015
35326729
39178579
19485677
26946691
28263565
7234011
20753013
28735784
17230378
35681092
37351715
21362209
34130911
38235536
16716010
21605151
37808134
37807821
23757056
14166400
29404169
26970368
21776392
37321375
37680460
37807608
37584743
21322434
22751494
37942289
33493859
13854889
39015464
29259683
38013037
21454717
37322510
35594569
15893699
19433900
31190407
37033237
39014311
39519250
22284714
26095520
21416556
39171955
5186591
34101224
39213944
36187385
29563327
36483638
19223922
33462842
36667889
34360721
30559018
37981486
33181964
950888
33177930
38695766
6314121
34664183
33368920
34930947
29899531
32118775
37712137
39238379
31099432
34049020
32789101
22696399
31166131
34589080
12849841
36739879
17853423
20724184
957216
36928518
28202742
31565326
28244314
36973494
38997037
20884056
27253845
37934652
11659333
12525811
37596603
1727469
25776685
14930918
28651794
27336368
37934914
19729125
28651786
15373978
38130035
30144336
32885540
34777616
37895448
26685875
10401170
22014670
39237602
1381973
33283043
31680197
29524355
2280840
30344408
39237753
39504291
39238110
34405139
39238090
39238224
19775198
31019643
36729073
21187257
13161527
28651782
34774247
1492739
38693819
23029606
35990979
38926973
21250880
8821889
19696844
20878842
15317602
28651784
37671729
39238055
19795720
39107824
31583305
39071236
28533030
13393303
7304000
34863938
9485169
39237678
39237422
29629107
22592358
15787220
26895567
39238620
38261253
34617024
18991179
25758230
8286246
28887517
23788308
20141138
38972402
30983642
6806656
35280663
29958406
38235693
35758027
33463405
16297448
37680084
32612808
21430922
28703001
29258933
22308151
36162705
22389590
35336352
37928203
39506816
23786267
22860893
34282420
37964868
3805187
31182451
39479239
38095208
20469090
33965444
31883360
20837780
29258164
39339443
33704749
25312166
14725210
16105114
32806882
39070633
28242961
23493981
25940813
28409110
36830141
30581553
19825484
19323859
22147751
11791792
37850143
39121988
22027001
12999543
37342862
30311326
32188324
24600100
23066702
23711813
22468575
37793293
37391604
37315386
26944032
22446184
37459601
21551060
37319756
22468083
37252204
20448407
27601182
32439017
29098424
22827712
30884143
1837397
22468869
23475038
39326949
24753944
22308673
23705920
32227932
33148132
26095913
20351159
29167908
38845224
16472456
32796500
25055711
21363072
33981432
35943454
38311368
27575994
25100611
22792471
27823482
36875262
35644036
26095762
7234042
27531456
22308856
29560580
17513394
27507095
15263245
37831732
22952881
36475308
38182984
39055456
30504813
22527333
23596336
37897827
35420834
18328357
4646605
33056823
23168106
18906020
35028337
19034223
19029984
38548505
6299872
34441826
34122206
26742201
35273359
35177514
21548023
26894351
32913127
32000770
15381396
17926848
19573131
19278607
17926231
29279584
11032077
24745489
27861478
5220661
7849754
31620345
11545608
31704548
34026598
16591965
5877463
35942873
38591437
38592516
35202088
34215897
38784929
3727894
10329145
2366457
3509635
34230566
2741377
29497869
21744551
29010227
9621077
39420069
39415972
27634573
32470217
15252219
39418144
39419368
39419731
31989881
38796556
27418184
8687424
38778091
32661129
5157600
7709220
27457987
17382865
36695366
37851925
31165469
25147808
37801624
31904650
14160681
35276082
35851779
15600445
34973501
16585633
35062864
34241828
29198642
30437755
39491138
20812629
39352572
21458410
36478872
25805376
39515202
25808406
29358013
34303143
32608646
33631180
38941874
25013529
38940246
34191255
33628615
32754857
10762659
15944297
28400672
33861564
38942620
21251920
32630740
15924155
33627997
34409660
21874605
25807768
28577696
25778610
25809446
9640026
24476026
25809610
29346856
28887276
26384765
38763793
25177100
36928483
30945722
32957826
21798417
20051448
35274902
39040278
38534747
38938699
38750205
9708502
39492558
38847029
14772917
25118673
10712476
15608767
30034406
34220994
25134124
16667104
29178019
5822192
14360942
23569286
38717435
15743875
33239576
15340482
25028680
26770574
29273725
20909957
20584479
17825940
4132556
29322428
25063155
10186636
20723505
19011140
38581046
25530505
14308480
5586593
3942716
7242152
8793106
19362599
35636486
5741736
30886160
6088481
30601513
17307725
24426614
35140887
37651105
27251873
17191765
36496954
34309421
36192737
16450788
38590070
39541197
30329450
33971677
30810554
30810441
33219915
6530839
18011762
27679561
19025126
12693632
21392457
31004255
32202713
23394158
27986165
7422709
39238157
4030526
10859538
17136277
21035821
22134097
21052505
33833987
27282216
18610642
19463305
6143460
6843875
10578627
38929204
37909886
12695315
33351854
6633696
14870940
36066041
26472284
5837490
9125810
31554361
11109213
1306949
9163082
31077322
37174050
12695136
23242412
12691710
29505343
9162618
36128411
12695759
32809626
1830626
10834721
25542453
12695552
36070858
17279989
37263639
14883684
32335482
17237628
30788689
29322923
20963425
22354261
35899020
29524572
39238465
28651792
25899827
38118435
32572677
34085214
19729247
31539616
30206441
20556042
38574928
36821264
28418253
29383972
24990119
19884503
8984139
37359454
21628969
11003091
34587050
23298648
36558750
21130767
20496253
9163364
13340918
34602392
28753501
12642040
35861342
35505205
9163683
7035433
37423810
17781926
31918077
12196632
20844701
36633823
20830466
11691376
34802373
36346360
2541509
35158330
38375628
11889018
25998665
18137703
28100607
18156614
34797035
34828237
34077826
14290304
39014114
25672304
26674401
35857054
2400289
21173149
36575871
38675760
22004512
38060346
9057501
13881294
35878222
33288869
33314691
39382906
7352712
15139781
29449133
9113682
15980368